19
5
4
1
2
2
2
19
4
2
2
2
3
1
3
2
4
2
2
2
2
4
2
1
4
2
2
3
1
4
1
12
2
2
4
6
19
2
13
2
19
2
2
1
2
19
1
1
3
3
19
2
19
19
2
1
19
1
1
2
2
1
1
2
19
1
2
2
2
2
11
10
1
6
2
2
2
19
3
2
2
1
19
19
3
1
19
2
2
1
2
1
2
2
18
19
1
19
2
3
2
2
2
2
2
2
2
1
19
3
3
19
2
19
2
19
2
19
2
19
1
19
1
19
19
9
19
19
3
19
2
3
1
2
2
1
2
2
6
4
2
3
1
1
2
2
2
3
2
4
19
4
3
2
2
2
1
2
2
3
2
2
1
2
1
19
2
3
19
3
2
4
2
2
4
2
2
2
2
2
3
2
2
2
2
3
2
2
3
1
2
2
2
19
2
2
2
1
2
1
19
2
1
2
19
2
2
1
2
2
4
2
2
2
2
19
2
1
2
2
2
1
5
2
1
19
2
19
1
19
2
1
2
2
2
2
19
2
3
2
2
1
2
1
2
19
1
2
19
2
3
1
2
2
3
1
1
3
2
2
4
19
2
3
19
2
4
2
9
19
3
4
2
2
3
2
2
19
1
2
2
2
2
19
19
3
2
19
3
2
5
2
19
2
2
2
3
2
2
3
19
2
2
2
2
3
19
2
3
3
2
19
2
2
2
2
1
2
1
3
2
2
8
2
2
4
2
3
2
1
3
2
4
2
3
1
2
3
1
3
1
3
2
3
1
19
1
2
2
2
4
2
2
3
2
3
3
2
7
2
2
1
2
2
1
6
2
3
3
2
2
2
19
3
3
4
2
2
2
1
2
2
19
5
3
3
1
2
3
2
2
2
2
19
19
2
2
9
19
2
1
2
3
2
1
19
2
3
2
3
1
5
3
2
19
2
2
1
2
2
1
3
2
4
3
2
2
2
3
2
2
1
2
3
3
2
2
19
3
19
2
2
6
3
3
3
4
6
1
2
3
2
3
3
3
2
3
2
6
2
1
2
1
3
19
1
1
19
5
3
2
2
2
3
1
2
2
4
3
3
2
1
4
2
3
2
4
2
3
19
19
3
3
1
3
19
3
3
1
3
3
3
3
2
2
2
2
3
2
2
19
2
2
2
3
2
3
3
2
19
2
3
2
3
2
2
1
19
2
3
2
3
2
2
1
3
3
4
2
2
2
2
3
2
3
3
2
1
19
4
2
19
1
3
4
2
1
4
19
2
3
2
2
1
1
2
19
2
1
3
19
2
3
2
3
1
2
2
16
3
1
1
2
3
2
2
3
2
4
19
4
19
3
1
2
1
2
2
2
1
3
1
19
4
3
2
3
1
3
3
2
19
1
3
1
2
3
2
3
1
1
2
19
3
3
3
1
1
4
3
1
3
2
19
4
6
3
2
3
1
2
2
3
1
2
4
1
3
3
19
2
2
2
2
3
2
3
1
2
2
3
2
3
2
3
1
3
5
2
1
3
1
4
19
1
7
3
2
3
1
1
9
2
2
1
3
2
3
2
2
3
4
1
2
19
2
3
2
4
1
3
2
1
3
3
3
3
2
3
2
1
1
1
1
3
1
1
1
4
4
4
3
19
3
1
1
3
2
2
4
2
3
1
15
2
3
1
2
2
2
3
2
3
2
4
3
1
3
1
1
2
1
2
1
1
1
1
19
19
3
3
2
1
1
1
3
3
3
2
19
1
2
3
2
1
4
1
19
3
3
2
19
2
2
14
2
3
3
3
1
4
2
4
2
2
2
2
1
1
2
2
2
19
4
4
2
3
19
4
6
19
3
3
1
2
1
4
17
4
6
3
1
2
1
19
2
1
1
1
1
1
1
1
1
1
1
1
1
1
1
1
1
1
1
1
1
1
1
1
1
1
1
1
1
1
1
