1	1	0.0787879	
1	2	17.65	
1	3	5	
1	4	0.163636	
1	5	0.568279	
1	6	165	
1	7	-1	
1	8	14.3152	
1	9	0	
1	10	5	
1	11	9.89697	
1	12	56.99	
1	13	0.0606061	
1	14	145	
1	15	0.678788	
1	16	142	
1	17	1	
1	18	0	
1	19	2362	
1	20	10670	
1	21	17	
1	22	137	
1	23	2	
1	24	4.38182	
1	25	5.62424	
1	26	1	
1	27	5	
1	28	0.0181818	
2	1	0.136691	
2	2	14.35	
2	3	2	
2	4	0.215827	
2	5	0.638526	
2	6	139	
2	7	-1	
2	8	12.705	
2	9	0	
2	10	3	
2	11	6.05036	
2	12	68.98	
2	13	0.23741	
2	14	72	
2	15	0.194245	
2	16	123	
2	17	5	
2	18	0	
2	19	1766	
2	20	2431	
2	21	24	
2	22	63	
2	23	2	
2	24	2.91367	
2	25	3.86331	
2	26	4	
2	27	-1	
2	28	0.215827	
3	1	0	
3	2	4	
3	3	2	
3	4	0.2	
3	5	0.923077	
3	6	5	
3	7	-1	
3	8	156.2	
3	9	0	
3	10	2	
3	11	2.6	
3	12	9.98	
3	13	0.2	
3	14	9	
3	15	0.2	
3	16	5	
3	17	1	
3	18	0	
3	19	781	
3	20	35904	
3	21	26	
3	22	8	
3	23	2	
3	24	2.8	
3	25	2.4	
3	26	1	
3	27	-1	
3	28	0.4	
4	1	0.0869565	
4	2	3.56	
4	3	3	
4	4	0.130435	
4	5	0.377778	
4	6	23	
4	7	8.8	
4	8	64.8696	
4	9	0	
4	10	3	
4	11	1.95652	
4	12	6.02	
4	13	0.478261	
4	14	5	
4	15	0.26087	
4	16	17	
4	17	1	
4	18	0	
4	19	1492	
4	20	26796	
4	21	39	
4	22	2	
4	23	2	
4	24	2.65217	
4	25	0.73913	
4	26	1	
4	27	1	
4	28	0.0434783	
5	1	0.108696	
5	2	0.54	
5	3	4	
5	4	0.224638	
5	5	0.566807	
5	6	138	
5	7	9.99	
5	8	7.26812	
5	9	0	
5	10	4	
5	11	5.15217	
5	12	3	
5	13	0.0434783	
5	14	46	
5	15	0.572464	
5	16	117	
5	17	3	
5	18	0	
5	19	1003	
5	20	30950	
5	21	24	
5	22	40	
5	23	2	
5	24	4.23188	
5	25	2.92029	
5	26	3	
5	27	-1	
5	28	0.0507246	
6	1	0.380952	
6	2	2.25	
6	3	4	
6	4	0.333333	
6	5	0.577922	
6	6	21	
6	7	32.99	
6	8	71.3333	
6	9	0	
6	10	4	
6	11	7.33333	
6	12	14.89	
6	13	0.142857	
6	14	18	
6	15	0.047619	
6	16	20	
6	17	1	
6	18	0	
6	19	1498	
6	20	18789	
6	21	20	
6	22	11	
6	23	2	
6	24	3.04762	
6	25	4.2381	
6	26	4	
6	27	-1	
6	28	0.0952381	
7	1	0.0888889	
7	2	6.99	
7	3	5	
7	4	0.177778	
7	5	0.692557	
7	6	45	
7	7	-1	
7	8	43.2889	
7	9	0	
7	10	5	
7	11	6.86667	
7	12	29.98	
7	13	0.0666667	
7	14	54	
7	15	0.533333	
7	16	43	
7	17	5	
7	18	0	
7	19	1948	
7	20	2854	
7	21	14	
7	22	37	
7	23	2	
7	24	3.97778	
7	25	4.75556	
7	26	5	
7	27	-1	
7	28	0.133333	
8	1	0.103448	
8	2	8.48	
8	3	3	
8	4	0.206897	
8	5	0.670213	
8	6	29	
8	7	44.99	
8	8	33.1379	
8	9	0	
8	10	3	
8	11	3.24138	
8	12	25	
8	13	0.172414	
8	14	9	
8	15	0.206897	
8	16	28	
8	17	2	
8	18	0	
8	19	961	
8	20	11084	
8	21	12	
8	22	7	
8	23	2	
8	24	2.96552	
8	25	2.17241	
8	26	4	
8	27	-1	
8	28	0.310345	
9	1	0.0606061	
9	2	10	
9	3	5	
9	4	0.175758	
9	5	0.473736	
9	6	165	
9	7	-1	
9	8	14.1333	
9	9	0	
9	10	5	
9	11	6.11515	
9	12	24.75	
9	13	0.0363636	
9	14	74	
9	15	0.70303	
9	16	141	
9	17	2	
9	18	0	
9	19	2332	
9	20	467	
9	21	11	
9	22	39	
9	23	2	
9	24	4.48485	
9	25	2.89697	
9	26	5	
9	27	5	
9	28	0.0242424	
10	1	0.125	
10	2	10.87	
10	3	4	
10	4	0.354167	
10	5	0.57767	
10	6	48	
10	7	16.99	
10	8	42.1042	
10	9	0	
10	10	4	
10	11	4.29167	
10	12	13.02	
10	13	0.0625	
10	14	23	
10	15	0.354167	
10	16	46	
10	17	3	
10	18	0	
10	19	2021	
10	20	6221	
10	21	16	
10	22	15	
10	23	2	
10	24	3.83333	
10	25	2.47917	
10	26	3	
10	27	4	
10	28	0.104167	
11	1	0.0227273	
11	2	9.85	
11	3	5	
11	4	0.193182	
11	5	0.562327	
11	6	88	
11	7	34.98	
11	8	23.5227	
11	9	0	
11	10	5	
11	11	4.10227	
11	12	27.73	
11	13	0.0909091	
11	14	23	
11	15	0.670455	
11	16	86	
11	17	1	
11	18	0	
11	19	2070	
11	20	2304	
11	21	26	
11	22	17	
11	23	2	
11	24	4.32955	
11	25	2.30682	
11	26	1	
11	27	5	
11	28	0.0227273	
12	1	0.060241	
12	2	9.19	
12	3	5	
12	4	0.125301	
12	5	0.412731	
12	6	415	
12	7	-1	
12	8	5.60482	
12	9	0	
12	10	5	
12	11	2.34699	
12	12	29.95	
12	13	0.0385542	
12	14	49	
12	15	0.737349	
12	16	243	
12	17	2	
12	18	0	
12	19	2326	
12	20	30566	
12	21	28	
12	22	27	
12	23	2	
12	24	4.48434	
12	25	0.968675	
12	26	5	
12	27	5	
12	28	0.0385542	
13	1	0.106383	
13	2	4.37	
13	3	5	
13	4	0.170213	
13	5	0.525424	
13	6	47	
13	7	28.64	
13	8	52.6383	
13	9	0	
13	10	5	
13	11	3.76596	
13	12	15.99	
13	13	0.0638298	
13	14	14	
13	15	0.638298	
13	16	43	
13	17	1	
13	18	0	
13	19	2474	
13	20	7220	
13	21	22	
13	22	8	
13	23	2	
13	24	4.29787	
13	25	1.97872	
13	26	5	
13	27	5	
13	28	0.0212766	
14	1	0.0714286	
14	2	2.05	
14	3	1	
14	4	0.142857	
14	5	0.634328	
14	6	42	
14	7	20.19	
14	8	20.3095	
14	9	0	
14	10	2	
14	11	3.19048	
14	12	17.47	
14	13	0.52381	
14	14	25	
14	15	0.0714286	
14	16	38	
14	17	1	
14	18	0	
14	19	853	
14	20	8475	
14	21	8	
14	22	14	
14	23	2	
14	24	2.04762	
14	25	2.02381	
14	26	1	
14	27	-1	
14	28	0.190476	
15	1	0	
15	2	2.74	
15	3	4	
15	4	0.25	
15	5	0.390244	
15	6	4	
15	7	-1	
15	8	188.25	
15	9	0	
15	10	4	
15	11	10.25	
15	12	26.96	
15	13	0	
15	14	30	
15	15	0.75	
15	16	4	
15	17	5	
15	18	0	
15	19	753	
15	20	15323	
15	21	10	
15	22	7	
15	23	2	
15	24	4.75	
15	25	4	
15	26	5	
15	27	-1	
15	28	0	
16	1	0.0562061	
16	2	6.66	
16	3	5	
16	4	0.145199	
16	5	0.463395	
16	6	427	
16	7	44.95	
16	8	2.73302	
16	9	0	
16	10	5	
16	11	5.82201	
16	12	30	
16	13	0.0843091	
16	14	140	
16	15	0.681499	
16	16	398	
16	17	5	
16	18	0	
16	19	1167	
16	20	1964	
16	21	24	
16	22	130	
16	23	2	
16	24	4.30679	
16	25	2.69789	
16	26	5	
16	27	5	
16	28	0.0327869	
17	1	0.060241	
17	2	9.45	
17	3	5	
17	4	0.125301	
17	5	0.41134	
17	6	415	
17	7	37.99	
17	8	5.60482	
17	9	0	
17	10	5	
17	11	2.33735	
17	12	25.49	
17	13	0.0385542	
17	14	49	
17	15	0.737349	
17	16	243	
17	17	2	
17	18	0	
17	19	2326	
17	20	3755	
17	21	29	
17	22	25	
17	23	2	
17	24	4.48434	
17	25	0.961446	
17	26	5	
17	27	5	
17	28	0.0385542	
18	1	0.129032	
18	2	5.18	
18	3	4	
18	4	0.27957	
18	5	0.626335	
18	6	93	
18	7	-1	
18	8	12.914	
18	9	0	
18	10	4	
18	11	3.02151	
18	12	25.62	
18	13	0.107527	
18	14	11	
18	15	0.387097	
18	16	82	
18	17	1	
18	18	0	
18	19	1201	
18	20	4794	
18	21	12	
18	22	11	
18	23	2	
18	24	3.74194	
18	25	1.89247	
18	26	5	
18	27	4	
18	28	0.0967742	
19	1	0.166667	
19	2	47.99	
19	3	5	
19	4	0.25	
19	5	0.576471	
19	6	12	
19	7	-1	
19	8	170.5	
19	9	0	
19	10	3	
19	11	7.08333	
19	12	100	
19	13	0.0833333	
19	14	23	
19	15	0.5	
19	16	12	
19	17	1	
19	18	1	
19	19	2046	
19	20	4748	
19	21	28	
19	22	16	
19	23	2	
19	24	4.08333	
19	25	4.08333	
19	26	4	
19	27	-1	
19	28	0	
20	1	0.0238095	
20	2	9.42	
20	3	5	
20	4	0.0612245	
20	5	0.418121	
20	6	294	
20	7	-1	
20	8	8.55782	
20	9	0	
20	10	5	
20	11	4.09184	
20	12	59.37	
20	13	0.0272109	
20	14	62	
20	15	0.870748	
20	16	259	
20	17	1	
20	18	0	
20	19	2516	
20	20	41051	
20	21	23	
20	22	38	
20	23	2	
20	24	4.73129	
20	25	1.71088	
20	26	5	
20	27	5	
20	28	0.0170068	
21	1	0.135135	
21	2	2.39	
21	3	3	
21	4	0.297297	
21	5	0.469072	
21	6	37	
21	7	-1	
21	8	23.2973	
21	9	0	
21	10	3	
21	11	5.24324	
21	12	21.98	
21	13	0.0810811	
21	14	33	
21	15	0.27027	
21	16	34	
21	17	1	
21	18	0	
21	19	862	
21	20	7883	
21	21	10	
21	22	17	
21	23	2	
21	24	3.45946	
21	25	2.45946	
21	26	3	
21	27	2	
21	28	0.216216	
22	1	0.09375	
22	2	3.76	
22	3	3	
22	4	0.09375	
22	5	0.367816	
22	6	32	
22	7	11.99	
22	8	72.8438	
22	9	0	
22	10	3	
22	11	2.71875	
22	12	5.99	
22	13	0.25	
22	14	8	
22	15	0.3125	
22	16	24	
22	17	1	
22	18	0	
22	19	2331	
22	20	16664	
22	21	34	
22	22	3	
22	23	1	
22	24	2.96875	
22	25	1	
22	26	4	
22	27	1	
22	28	0.25	
23	1	0.155224	
23	2	4.48	
23	3	3	
23	4	0.256716	
23	5	0.441031	
23	6	335	
23	7	10.49	
23	8	4.25672	
23	9	0	
23	10	5	
23	11	5.44179	
23	12	9.48	
23	13	0.134328	
23	14	61	
23	15	0.319403	
23	16	312	
23	17	4	
23	18	0	
23	19	1426	
23	20	2377	
23	21	25	
23	22	31	
23	23	2	
23	24	3.49254	
23	25	2.4	
23	26	5	
23	27	4	
23	28	0.134328	
24	1	0.15727	
24	2	5.84	
24	3	3	
24	4	0.25816	
24	5	0.440724	
24	6	337	
24	7	19.76	
24	8	4.35312	
24	9	0	
24	10	3	
24	11	5.40653	
24	12	19.76	
24	13	0.133531	
24	14	61	
24	15	0.317507	
24	16	314	
24	17	4	
24	18	0	
24	19	1467	
24	20	12834	
24	21	26	
24	22	31	
24	23	2	
24	24	3.49258	
24	25	2.38279	
24	26	5	
24	27	4	
24	28	0.133531	
25	1	0.138462	
25	2	1.74	
25	3	5	
25	4	0.169231	
25	5	0.526316	
25	6	65	
25	7	8.99	
25	8	32.5231	
25	9	0	
25	10	5	
25	11	3.8	
25	12	2.73	
25	13	0.2	
25	14	27	
25	15	0.384615	
25	16	57	
25	17	4	
25	18	0	
25	19	2114	
25	20	9318	
25	21	20	
25	22	16	
25	23	2	
25	24	3.43077	
25	25	2	
25	26	4	
25	27	5	
25	28	0.107692	
26	1	0.235294	
26	2	4.68	
26	3	5	
26	4	0.235294	
26	5	0.557895	
26	6	17	
26	7	11.73	
26	8	69.2941	
26	9	0	
26	10	5	
26	11	5.58824	
26	12	5.46	
26	13	0.117647	
26	14	15	
26	15	0.117647	
26	16	17	
26	17	2	
26	18	0	
26	19	1178	
26	20	17203	
26	21	13	
26	22	8	
26	23	2	
26	24	2.94118	
26	25	3.11765	
26	26	4	
26	27	-1	
26	28	0.294118	
27	1	0.116822	
27	2	3.19	
27	3	5	
27	4	0.242991	
27	5	0.610718	
27	6	214	
27	7	38.95	
27	8	8.65888	
27	9	0	
27	10	5	
27	11	4.6215	
27	12	16	
27	13	0.196262	
27	14	48	
27	15	0.359813	
27	16	200	
27	17	1	
27	18	0	
27	19	1853	
27	20	20423	
27	21	21	
27	22	40	
27	23	2	
27	24	3.48598	
27	25	2.82243	
27	26	1	
27	27	4	
27	28	0.0841121	
28	1	0.166667	
28	2	8.24	
28	3	3	
28	4	0.25	
28	5	0.512821	
28	6	12	
28	7	-1	
28	8	170.5	
28	9	0	
28	10	3	
28	11	9.75	
28	12	11.11	
28	13	0.25	
28	14	23	
28	15	0.333333	
28	16	12	
28	17	1	
28	18	2	
28	19	2046	
28	20	24971	
28	21	26	
28	22	16	
28	23	2	
28	24	3.41667	
28	25	5	
28	26	4	
28	27	-1	
28	28	0	
29	1	0.0625	
29	2	5.8	
29	3	5	
29	4	0.265625	
29	5	0.526906	
29	6	64	
29	7	-1	
29	8	36.2969	
29	9	0	
29	10	2	
29	11	6.96875	
29	12	19.49	
29	13	0.265625	
29	14	23	
29	15	0.296875	
29	16	56	
29	17	4	
29	18	0	
29	19	2323	
29	20	7402	
29	21	19	
29	22	17	
29	23	2	
29	24	3.21875	
29	25	3.67188	
29	26	4	
29	27	5	
29	28	0.109375	
30	1	0.0632911	
30	2	4.95	
30	3	4	
30	4	0.227848	
30	5	0.475983	
30	6	79	
30	7	11.73	
30	8	29.4684	
30	9	0	
30	10	4	
30	11	2.89873	
30	12	6.04	
30	13	0.0886076	
30	14	19	
30	15	0.620253	
30	16	64	
30	17	1	
30	18	0	
30	19	2328	
30	20	2846	
30	21	28	
30	22	18	
30	23	2	
30	24	4.29114	
30	25	1.37975	
30	26	4	
30	27	5	
30	28	0	
31	1	0.108108	
31	2	7.98	
31	3	5	
31	4	0.162162	
31	5	0.652968	
31	6	74	
31	7	-1	
31	8	21.8108	
31	9	0	
31	10	5	
31	11	2.95946	
31	12	24.94	
31	13	0.202703	
31	14	13	
31	15	0.378378	
31	16	63	
31	17	4	
31	18	0	
31	19	1614	
31	20	12177	
31	21	19	
31	22	9	
31	23	2	
31	24	3.36486	
31	25	1.93243	
31	26	4	
31	27	1	
31	28	0.148649	
32	1	0	
32	2	1.58	
32	3	4	
32	4	0.307692	
32	5	0.428571	
32	6	26	
32	7	13.99	
32	8	84	
32	9	0	
32	10	4	
32	11	4.03846	
32	12	11.99	
32	13	0.192308	
32	14	8	
32	15	0.307692	
32	16	15	
32	17	5	
32	18	0	
32	19	2184	
32	20	38985	
32	21	29	
32	22	6	
32	23	2	
32	24	3.34615	
32	25	1.73077	
32	26	5	
32	27	5	
32	28	0.192308	
33	1	0.102041	
33	2	4.05	
33	3	5	
33	4	0.163265	
33	5	0.478632	
33	6	49	
33	7	-1	
33	8	33.8163	
33	9	0	
33	10	5	
33	11	2.38776	
33	12	28.5	
33	13	0.183673	
33	14	15	
33	15	0.428571	
33	16	41	
33	17	1	
33	18	0	
33	19	1657	
33	20	22498	
33	21	23	
33	22	7	
33	23	2	
33	24	3.53061	
33	25	1.14286	
33	26	1	
33	27	4	
33	28	0.122449	
34	1	0.0816327	
34	2	6.32	
34	3	5	
34	4	0.22449	
34	5	0.370253	
34	6	49	
34	7	23.14	
34	8	47.3265	
34	9	0	
34	10	4	
34	11	6.44898	
34	12	20.38	
34	13	0.102041	
34	14	38	
34	15	0.489796	
34	16	40	
34	17	1	
34	18	0	
34	19	2319	
34	20	4296	
34	21	33	
34	22	27	
34	23	2	
34	24	3.89796	
34	25	2.38776	
34	26	5	
34	27	1	
34	28	0.102041	
35	1	0.108696	
35	2	3.88	
35	3	2	
35	4	0.224638	
35	5	0.561328	
35	6	138	
35	7	9.99	
35	8	7.13043	
35	9	0	
35	10	2	
35	11	5.02174	
35	12	7.9	
35	13	0.0434783	
35	14	46	
35	15	0.572464	
35	16	116	
35	17	3	
35	18	0	
35	19	984	
35	20	2241	
35	21	18	
35	22	40	
35	23	2	
35	24	4.23188	
35	25	2.81884	
35	26	3	
35	27	-1	
35	28	0.0507246	
36	1	0.28	
36	2	2.49	
36	3	3	
36	4	0.146667	
36	5	0.575949	
36	6	75	
36	7	-1	
36	8	6.25333	
36	9	0	
36	10	3	
36	11	2.10667	
36	12	34	
36	13	0.28	
36	14	12	
36	15	0.12	
36	16	67	
36	17	5	
36	18	0	
36	19	469	
36	20	7526	
36	21	11	
36	22	6	
36	23	2	
36	24	2.65333	
36	25	1.21333	
36	26	2	
36	27	-1	
36	28	0.173333	
37	1	0.235294	
37	2	0.01	
37	3	5	
37	4	0.147059	
37	5	0.455026	
37	6	34	
37	7	6.23	
37	8	28.3824	
37	9	0	
37	10	5	
37	11	5.55882	
37	12	2.91	
37	13	0.205882	
37	14	20	
37	15	0.323529	
37	16	31	
37	17	1	
37	18	0	
37	19	965	
37	20	15401	
37	21	15	
37	22	9	
37	23	2	
37	24	3.29412	
37	25	2.52941	
37	26	4	
37	27	-1	
37	28	0.0882353	
38	1	0.142857	
38	2	7.08	
38	3	3	
38	4	0.285714	
38	5	0.52459	
38	6	21	
38	7	11.73	
38	8	91.2857	
38	9	0	
38	10	5	
38	11	2.90476	
38	12	5.92	
38	13	0.142857	
38	14	8	
38	15	0.428571	
38	16	20	
38	17	5	
38	18	0	
38	19	1917	
38	20	7215	
38	21	20	
38	22	5	
38	23	2	
38	24	3.85714	
38	25	1.52381	
38	26	1	
38	27	5	
38	28	0	
39	1	0.0882353	
39	2	7.1	
39	3	5	
39	4	0.147059	
39	5	0.536232	
39	6	34	
39	7	10.99	
39	8	57.5588	
39	9	0	
39	10	1	
39	11	2.02941	
39	12	5.95	
39	13	0.147059	
39	14	10	
39	15	0.441176	
39	16	24	
39	17	1	
39	18	0	
39	19	1957	
39	20	9387	
39	21	19	
39	22	7	
39	23	2	
39	24	3.55882	
39	25	1.08824	
39	26	2	
39	27	5	
39	28	0.176471	
40	1	0.12037	
40	2	22.45	
40	3	5	
40	4	0.259259	
40	5	0.490169	
40	6	108	
40	7	-1	
40	8	20.9259	
40	9	0	
40	10	5	
40	11	6.59259	
40	12	49.96	
40	13	0.0277778	
40	14	73	
40	15	0.518519	
40	16	98	
40	17	5	
40	18	0	
40	19	2260	
40	20	2878	
40	21	22	
40	22	65	
40	23	2	
40	24	4.16667	
40	25	3.23148	
40	26	5	
40	27	5	
40	28	0.0740741	
41	1	0.0434783	
41	2	45.53	
41	3	5	
41	4	0.0869565	
41	5	0.836283	
41	6	23	
41	7	-1	
41	8	28.8696	
41	9	0	
41	10	5	
41	11	9.82609	
41	12	96.01	
41	13	0	
41	14	67	
41	15	0.869565	
41	16	23	
41	17	4	
41	18	0	
41	19	664	
41	20	15732	
41	21	6	
41	22	62	
41	23	2	
41	24	4.82609	
41	25	8.21739	
41	26	4	
41	27	-1	
41	28	0	
42	1	0.16	
42	2	21.72	
42	3	5	
42	4	0.2	
42	5	0.41958	
42	6	50	
42	7	-1	
42	8	43.7	
42	9	0	
42	10	4	
42	11	2.86	
42	12	85.99	
42	13	0.02	
42	14	13	
42	15	0.58	
42	16	37	
42	17	1	
42	18	0	
42	19	2185	
42	20	14370	
42	21	20	
42	22	7	
42	23	2	
42	24	4.28	
42	25	1.2	
42	26	5	
42	27	5	
42	28	0.04	
43	1	0.100559	
43	2	0.75	
43	3	3	
43	4	0.301676	
43	5	0.527211	
43	6	179	
43	7	6.78	
43	8	8.34637	
43	9	0	
43	10	3	
43	11	3.28492	
43	12	3.8	
43	13	0.167598	
43	14	24	
43	15	0.385475	
43	16	162	
43	17	1	
43	18	0	
43	19	1494	
43	20	2338	
43	21	26	
43	22	17	
43	23	2	
43	24	3.69274	
43	25	1.73184	
43	26	1	
43	27	-1	
43	28	0.0446927	
44	1	0.146341	
44	2	3.94	
44	3	5	
44	4	0.195122	
44	5	0.624277	
44	6	41	
44	7	8.29	
44	8	54.7805	
44	9	0	
44	10	5	
44	11	4.21951	
44	12	5.67	
44	13	0.121951	
44	14	22	
44	15	0.463415	
44	16	38	
44	17	3	
44	18	0	
44	19	2246	
44	20	7537	
44	21	28	
44	22	22	
44	23	2	
44	24	3.80488	
44	25	2.63415	
44	26	3	
44	27	5	
44	28	0.0731707	
45	1	0.0769231	
45	2	1.5	
45	3	5	
45	4	0.153846	
45	5	0.521739	
45	6	26	
45	7	-1	
45	8	61.9615	
45	9	0	
45	10	5	
45	11	8.84615	
45	12	17	
45	13	0.0769231	
45	14	50	
45	15	0.615385	
45	16	24	
45	17	1	
45	18	0	
45	19	1611	
45	20	33658	
45	21	9	
45	22	31	
45	23	2	
45	24	4.15385	
45	25	4.61538	
45	26	5	
45	27	-1	
45	28	0.0769231	
46	1	0.243243	
46	2	7.94	
46	3	4	
46	4	0.162162	
46	5	0.885802	
46	6	37	
46	7	12.99	
46	8	48.1081	
46	9	0	
46	10	5	
46	11	8.75676	
46	12	7.94	
46	13	0.216216	
46	14	37	
46	15	0.135135	
46	16	36	
46	17	2	
46	18	0	
46	19	1780	
46	20	10628	
46	21	22	
46	22	35	
46	23	2	
46	24	2.75676	
46	25	7.75676	
46	26	2	
46	27	-1	
46	28	0.243243	
47	1	0.08	
47	2	7.99	
47	3	5	
47	4	0.16	
47	5	0.708609	
47	6	25	
47	7	14.99	
47	8	80.64	
47	9	0	
47	10	5	
47	11	12.08	
47	12	9.98	
47	13	0.36	
47	14	35	
47	15	0.28	
47	16	24	
47	17	4	
47	18	1	
47	19	2016	
47	20	4620	
47	21	24	
47	22	27	
47	23	2	
47	24	2.88	
47	25	8.56	
47	26	1	
47	27	5	
47	28	0.12	
48	1	0.0625	
48	2	7.87	
48	3	5	
48	4	0.265625	
48	5	0.526906	
48	6	64	
48	7	-1	
48	8	36.2969	
48	9	0	
48	10	2	
48	11	6.96875	
48	12	38	
48	13	0.265625	
48	14	23	
48	15	0.296875	
48	16	56	
48	17	4	
48	18	0	
48	19	2323	
48	20	39733	
48	21	21	
48	22	17	
48	23	2	
48	24	3.21875	
48	25	3.67188	
48	26	4	
48	27	5	
48	28	0.109375	
49	1	0.0547945	
49	2	8.94	
49	3	5	
49	4	0.0821918	
49	5	0.5625	
49	6	73	
49	7	14.99	
49	8	31.9041	
49	9	0	
49	10	5	
49	11	1.53425	
49	12	9.55	
49	13	0.0273973	
49	14	12	
49	15	0.821918	
49	16	56	
49	17	1	
49	18	0	
49	19	2329	
49	20	5082	
49	21	22	
49	22	8	
49	23	2	
49	24	4.65753	
49	25	0.863014	
49	26	5	
49	27	1	
49	28	0.0136986	
50	1	0.0886076	
50	2	0.01	
50	3	5	
50	4	0.303797	
50	5	0.48913	
50	6	79	
50	7	6.9	
50	8	14.3924	
50	9	0	
50	10	5	
50	11	3.49367	
50	12	3.92	
50	13	0.113924	
50	14	24	
50	15	0.417722	
50	16	64	
50	17	5	
50	18	0	
50	19	1137	
50	20	3150	
50	21	23	
50	22	13	
50	23	2	
50	24	3.83544	
50	25	1.70886	
50	26	5	
50	27	-1	
50	28	0.0759494	
51	1	0.277778	
51	2	6.28	
51	3	4	
51	4	0.166667	
51	5	0.693548	
51	6	18	
51	7	14.99	
51	8	80.0556	
51	9	0	
51	10	4	
51	11	6.88889	
51	12	9.23	
51	13	0.0555556	
51	14	24	
51	15	0.388889	
51	16	17	
51	17	1	
51	18	0	
51	19	1441	
51	20	5465	
51	21	22	
51	22	13	
51	23	2	
51	24	3.72222	
51	25	4.77778	
51	26	5	
51	27	-1	
51	28	0.111111	
52	1	0.157895	
52	2	4.25	
52	3	1	
52	4	0.105263	
52	5	0.67	
52	6	19	
52	7	22.79	
52	8	108.053	
52	9	0	
52	10	1	
52	11	5.26316	
52	12	15	
52	13	0.473684	
52	14	13	
52	15	0.263158	
52	16	19	
52	17	3	
52	18	1	
52	19	2053	
52	20	11195	
52	21	12	
52	22	11	
52	23	2	
52	24	2.68421	
52	25	3.52632	
52	26	3	
52	27	5	
52	28	0	
53	1	0.153846	
53	2	1.59	
53	3	2	
53	4	0.169231	
53	5	0.515873	
53	6	65	
53	7	-1	
53	8	32.0308	
53	9	0	
53	10	2	
53	11	3.87692	
53	12	9.95	
53	13	0.2	
53	14	27	
53	15	0.353846	
53	16	56	
53	17	4	
53	18	0	
53	19	2082	
53	20	17736	
53	21	26	
53	22	16	
53	23	2	
53	24	3.35385	
53	25	2	
53	26	4	
53	27	2	
53	28	0.123077	
54	1	0.012685	
54	2	16.45	
54	3	4	
54	4	0.0845666	
54	5	0.520472	
54	6	473	
54	7	82.99	
54	8	4.13319	
54	9	0	
54	10	5	
54	11	3.04651	
54	12	50	
54	13	0.0105708	
54	14	86	
54	15	0.885835	
54	16	436	
54	17	4	
54	18	0	
54	19	1955	
54	20	15865	
54	21	13	
54	22	54	
54	23	2	
54	24	4.82875	
54	25	1.58562	
54	26	4	
54	27	5	
54	28	0.00634249	
55	1	0.118056	
55	2	30.64	
55	3	5	
55	4	0.208333	
55	5	0.513174	
55	6	144	
55	7	67.95	
55	8	15.7847	
55	9	0	
55	10	5	
55	11	5.53472	
55	12	43.94	
55	13	0.159722	
55	14	32	
55	15	0.409722	
55	16	128	
55	17	1	
55	18	0	
55	19	2273	
55	20	4359	
55	21	24	
55	22	28	
55	23	2	
55	24	3.60417	
55	25	2.84028	
55	26	4	
55	27	5	
55	28	0.104167	
56	1	0.012685	
56	2	17.7	
56	3	4	
56	4	0.0845666	
56	5	0.520444	
56	6	473	
56	7	-1	
56	8	4.13319	
56	9	0	
56	10	5	
56	11	3.05074	
56	12	56.4	
56	13	0.0105708	
56	14	86	
56	15	0.885835	
56	16	437	
56	17	4	
56	18	0	
56	19	1955	
56	20	770	
56	21	21	
56	22	54	
56	23	2	
56	24	4.82875	
56	25	1.58774	
56	26	4	
56	27	5	
56	28	0.00634249	
57	1	0.333333	
57	2	5.95	
57	3	3	
57	4	0	
57	5	0.294118	
57	6	3	
57	7	-1	
57	8	151.333	
57	9	1	
57	10	3	
57	11	5.66667	
57	12	11.01	
57	13	0.333333	
57	14	12	
57	15	0.333333	
57	16	3	
57	17	1	
57	18	1	
57	19	454	
57	20	19762	
57	21	13	
57	22	2	
57	23	2	
57	24	3	
57	25	1.66667	
57	26	1	
57	27	-1	
57	28	0	
58	1	0.081761	
58	2	6.68	
58	3	5	
58	4	0.18239	
58	5	0.510309	
58	6	159	
58	7	29.69	
58	8	15.4591	
58	9	0	
58	10	5	
58	11	7.32075	
58	12	16.49	
58	13	0.0880503	
58	14	77	
58	15	0.616352	
58	16	144	
58	17	4	
58	18	0	
58	19	2458	
58	20	11119	
58	21	28	
58	22	74	
58	23	2	
58	24	4.20755	
58	25	3.73585	
58	26	4	
58	27	5	
58	28	0.0314465	
59	1	0.333333	
59	2	4.49	
59	3	3	
59	4	0.333333	
59	5	0.6	
59	6	3	
59	7	12.73	
59	8	63.3333	
59	9	0	
59	10	5	
59	11	1.66667	
59	12	4.88	
59	13	0	
59	14	3	
59	15	0.333333	
59	16	3	
59	17	4	
59	18	0	
59	19	190	
59	20	7482	
59	21	29	
59	22	3	
59	23	2	
59	24	4	
59	25	1	
59	26	4	
59	27	-1	
59	28	0	
60	1	0.0555556	
60	2	11.98	
60	3	1	
60	4	0.222222	
60	5	0.61324	
60	6	54	
60	7	46.95	
60	8	35.5556	
60	9	0	
60	10	1	
60	11	5.31481	
60	12	25.66	
60	13	0.148148	
60	14	17	
60	15	0.481481	
60	16	41	
60	17	4	
60	18	0	
60	19	1920	
60	20	6442	
60	21	28	
60	22	11	
60	23	2	
60	24	3.7963	
60	25	3.25926	
60	26	4	
60	27	-1	
60	28	0.0925926	
61	1	1	
61	2	4.44	
61	3	3	
61	4	0	
61	5	0.6	
61	6	1	
61	7	8.15	
61	8	0	
61	9	3	
61	10	3	
61	11	5	
61	12	5.19	
61	13	0	
61	14	5	
61	15	0	
61	16	1	
61	17	3	
61	18	5	
61	19	0	
61	20	6455	
61	21	23	
61	22	3	
61	23	2	
61	24	3	
61	25	3	
61	26	3	
61	27	-1	
61	28	0	
62	1	0.0493827	
62	2	19.62	
62	3	4	
62	4	0.234568	
62	5	0.5	
62	6	81	
62	7	69.29	
62	8	28.9012	
62	9	0	
62	10	4	
62	11	4.04938	
62	12	56.7	
62	13	0.0123457	
62	14	89	
62	15	0.691358	
62	16	74	
62	17	1	
62	18	0	
62	19	2341	
62	20	709	
62	21	21	
62	22	14	
62	23	2	
62	24	4.58025	
62	25	2.02469	
62	26	1	
62	27	5	
62	28	0.0123457	
63	1	0.149254	
63	2	9.46	
63	3	5	
63	4	0.186567	
63	5	0.412229	
63	6	134	
63	7	13.99	
63	8	17.5	
63	9	0	
63	10	5	
63	11	3.78358	
63	12	9.61	
63	13	0.149254	
63	14	34	
63	15	0.462687	
63	16	113	
63	17	1	
63	18	0	
63	19	2345	
63	20	2050	
63	21	33	
63	22	15	
63	23	2	
63	24	3.76119	
63	25	1.5597	
63	26	5	
63	27	5	
63	28	0.0522388	
64	1	0.125	
64	2	9.54	
64	3	5	
64	4	0.142857	
64	5	0.498233	
64	6	56	
64	7	22.99	
64	8	41.7143	
64	9	0	
64	10	1	
64	11	5.05357	
64	12	19.75	
64	13	0.375	
64	14	20	
64	15	0.232143	
64	16	46	
64	17	2	
64	18	0	
64	19	2336	
64	20	7781	
64	21	21	
64	22	11	
64	23	2	
64	24	2.73214	
64	25	2.51786	
64	26	2	
64	27	5	
64	28	0.125	
65	1	0.152381	
65	2	4.15	
65	3	3	
65	4	0.266667	
65	5	0.595618	
65	6	105	
65	7	16.08	
65	8	23.9238	
65	9	0	
65	10	1	
65	11	4.78095	
65	12	16	
65	13	0.219048	
65	14	33	
65	15	0.228571	
65	16	91	
65	17	4	
65	18	0	
65	19	2512	
65	20	9710	
65	21	31	
65	22	32	
65	23	2	
65	24	3.15238	
65	25	2.84762	
65	26	4	
65	27	5	
65	28	0.133333	
66	1	0.0416667	
66	2	7.7	
66	3	5	
66	4	0.229167	
66	5	0.743719	
66	6	48	
66	7	14.99	
66	8	45.9375	
66	9	0	
66	10	5	
66	11	4.14583	
66	12	8.98	
66	13	0.0208333	
66	14	19	
66	15	0.708333	
66	16	45	
66	17	5	
66	18	0	
66	19	2205	
66	20	5070	
66	21	25	
66	22	19	
66	23	2	
66	24	4.60417	
66	25	3.08333	
66	26	5	
66	27	4	
66	28	0	
67	1	0.0392157	
67	2	24	
67	3	5	
67	4	0.117647	
67	5	0.755396	
67	6	51	
67	7	-1	
67	8	44.0392	
67	9	0	
67	10	5	
67	11	5.45098	
67	12	120	
67	13	0.0196078	
67	14	32	
67	15	0.823529	
67	16	47	
67	17	4	
67	18	0	
67	19	2246	
67	20	2097	
67	21	14	
67	22	27	
67	23	2	
67	24	4.72549	
67	25	4.11765	
67	26	4	
67	27	3	
67	28	0	
68	1	0.0666667	
68	2	3.91	
68	3	5	
68	4	0.0666667	
68	5	0.559055	
68	6	30	
68	7	-1	
68	8	50.1667	
68	9	0	
68	10	5	
68	11	8.46667	
68	12	23.99	
68	13	0.2	
68	14	26	
68	15	0.633333	
68	16	28	
68	17	1	
68	18	0	
68	19	1505	
68	20	7450	
68	21	11	
68	22	19	
68	23	2	
68	24	3.9	
68	25	4.73333	
68	26	5	
68	27	-1	
68	28	0.0333333	
69	1	0.0682353	
69	2	23.96	
69	3	4	
69	4	0.145882	
69	5	0.496672	
69	6	425	
69	7	99.95	
69	8	5.68706	
69	9	0	
69	10	4	
69	11	2.82824	
69	12	72.97	
69	13	0.0211765	
69	14	73	
69	15	0.738824	
69	16	266	
69	17	2	
69	18	0	
69	19	2417	
69	20	13803	
69	21	24	
69	22	27	
69	23	2	
69	24	4.55529	
69	25	1.40471	
69	26	5	
69	27	5	
69	28	0.0258824	
70	1	0.12987	
70	2	20.85	
70	3	5	
70	4	0.233766	
70	5	0.575964	
70	6	77	
70	7	56.83	
70	8	30.5714	
70	9	0	
70	10	3	
70	11	5.72727	
70	12	53.79	
70	13	0.103896	
70	14	37	
70	15	0.506494	
70	16	73	
70	17	1	
70	18	0	
70	19	2354	
70	20	2321	
70	21	23	
70	22	30	
70	23	2	
70	24	4.01299	
70	25	3.2987	
70	26	1	
70	27	4	
70	28	0.025974	
71	1	0.134752	
71	2	2.94	
71	3	4	
71	4	0.156028	
71	5	0.603448	
71	6	141	
71	7	48.01	
71	8	13.7801	
71	9	0	
71	10	1	
71	11	4.93617	
71	12	20.9	
71	13	0.0496454	
71	14	53	
71	15	0.58156	
71	16	138	
71	17	5	
71	18	0	
71	19	1943	
71	20	4382	
71	21	27	
71	22	46	
71	23	2	
71	24	4.14184	
71	25	2.97872	
71	26	5	
71	27	1	
71	28	0.0780142	
72	1	0.0196078	
72	2	17.71	
72	3	5	
72	4	0.215686	
72	5	0.865613	
72	6	51	
72	7	47.99	
72	8	46.3725	
72	9	0	
72	10	5	
72	11	4.96078	
72	12	28.88	
72	13	0	
72	14	15	
72	15	0.745098	
72	16	36	
72	17	5	
72	18	0	
72	19	2365	
72	20	3444	
72	21	15	
72	22	15	
72	23	2	
72	24	4.68627	
72	25	4.29412	
72	26	5	
72	27	5	
72	28	0.0196078	
73	1	0.0254237	
73	2	39.95	
73	3	5	
73	4	0.0847458	
73	5	0.432517	
73	6	354	
73	7	-1	
73	8	6.40113	
73	9	0	
73	10	5	
73	11	4.5	
73	12	79.86	
73	13	0.039548	
73	14	85	
73	15	0.827684	
73	16	307	
73	17	5	
73	18	0	
73	19	2266	
73	20	36634	
73	21	17	
73	22	70	
73	23	2	
73	24	4.63842	
73	25	1.94633	
73	26	5	
73	27	5	
73	28	0.0225989	
74	1	0.190476	
74	2	1.56	
74	3	1	
74	4	0	
74	5	0.525773	
74	6	21	
74	7	10.19	
74	8	33.9524	
74	9	0	
74	10	1	
74	11	4.61905	
74	12	2.77	
74	13	0.47619	
74	14	23	
74	15	0.142857	
74	16	19	
74	17	2	
74	18	0	
74	19	713	
74	20	17272	
74	21	19	
74	22	9	
74	23	2	
74	24	2.14286	
74	25	2.42857	
74	26	2	
74	27	-1	
74	28	0.190476	
75	1	0.0699301	
75	2	8.05	
75	3	1	
75	4	0.111888	
75	5	0.656616	
75	6	143	
75	7	-1	
75	8	8.25874	
75	9	0	
75	10	1	
75	11	4.17483	
75	12	33.28	
75	13	0.412587	
75	14	45	
75	15	0.237762	
75	16	128	
75	17	1	
75	18	0	
75	19	1181	
75	20	7249	
75	21	9	
75	22	37	
75	23	2	
75	24	2.59441	
75	25	2.74126	
75	26	1	
75	27	-1	
75	28	0.167832	
76	1	0.0769231	
76	2	1.23	
76	3	4	
76	4	0.307692	
76	5	0.421875	
76	6	26	
76	7	8.73	
76	8	55.7308	
76	9	0	
76	10	4	
76	11	2.46154	
76	12	3.74	
76	13	0.0769231	
76	14	8	
76	15	0.5	
76	16	26	
76	17	1	
76	18	0	
76	19	1449	
76	20	6764	
76	21	23	
76	22	4	
76	23	2	
76	24	4.11538	
76	25	1.03846	
76	26	5	
76	27	-1	
76	28	0.0384615	
77	1	0.0925926	
77	2	6	
77	3	5	
77	4	0.222222	
77	5	0.642857	
77	6	54	
77	7	19.99	
77	8	42.1667	
77	9	0	
77	10	5	
77	11	2.33333	
77	12	16.99	
77	13	0	
77	14	13	
77	15	0.62963	
77	16	43	
77	17	5	
77	18	0	
77	19	2277	
77	20	6651	
77	21	17	
77	22	12	
77	23	2	
77	24	4.42593	
77	25	1.5	
77	26	5	
77	27	5	
77	28	0.0555556	
78	1	0.0787879	
78	2	15	
78	3	4	
78	4	0.169697	
78	5	0.568266	
78	6	165	
78	7	-1	
78	8	14.3273	
78	9	0	
78	10	4	
78	11	9.85455	
78	12	38.99	
78	13	0.0545455	
78	14	144	
78	15	0.678788	
78	16	142	
78	17	1	
78	18	0	
78	19	2364	
78	20	3003	
78	21	24	
78	22	136	
78	23	2	
78	24	4.4	
78	25	5.6	
78	26	1	
78	27	5	
78	28	0.0181818	
79	1	0.2	
79	2	2.07	
79	3	1	
79	4	0.125	
79	5	0.645963	
79	6	40	
79	7	12.99	
79	8	29.65	
79	9	0	
79	10	1	
79	11	4.025	
79	12	6.99	
79	13	0.35	
79	14	13	
79	15	0.2	
79	16	36	
79	17	1	
79	18	0	
79	19	1186	
79	20	25128	
79	21	18	
79	22	10	
79	23	2	
79	24	2.7	
79	25	2.6	
79	26	1	
79	27	1	
79	28	0.125	
80	1	0.109589	
80	2	4.85	
80	3	4	
80	4	0.260274	
80	5	0.47619	
80	6	73	
80	7	10.99	
80	8	31.7808	
80	9	0	
80	10	4	
80	11	1.15068	
80	12	6.09	
80	13	0.0547945	
80	14	9	
80	15	0.520548	
80	16	43	
80	17	1	
80	18	0	
80	19	2320	
80	20	10496	
80	21	31	
80	22	4	
80	23	2	
80	24	4.13699	
80	25	0.547945	
80	26	4	
80	27	5	
80	28	0.0547945	
81	1	0.1375	
81	2	7.3	
81	3	5	
81	4	0.2625	
81	5	0.510721	
81	6	80	
81	7	-1	
81	8	21.3125	
81	9	0	
81	10	4	
81	11	6.4125	
81	12	74.89	
81	13	0.3375	
81	14	46	
81	15	0.2	
81	16	73	
81	17	4	
81	18	0	
81	19	1705	
81	20	4006	
81	21	18	
81	22	24	
81	23	2	
81	24	2.925	
81	25	3.275	
81	26	4	
81	27	1	
81	28	0.0625	
82	1	0.0364372	
82	2	12.55	
82	3	5	
82	4	0.125506	
82	5	0.563439	
82	6	247	
82	7	-1	
82	8	9.06478	
82	9	0	
82	10	5	
82	11	4.8502	
82	12	22.99	
82	13	0.0283401	
82	14	54	
82	15	0.793522	
82	16	227	
82	17	5	
82	18	0	
82	19	2239	
82	20	679	
82	21	22	
82	22	46	
82	23	2	
82	24	4.63968	
82	25	2.73279	
82	26	5	
82	27	5	
82	28	0.0161943	
83	1	0	
83	2	5.47	
83	3	5	
83	4	0.166667	
83	5	0.330769	
83	6	12	
83	7	9.99	
83	8	177.25	
83	9	0	
83	10	5	
83	11	10.8333	
83	12	5.87	
83	13	0.0833333	
83	14	56	
83	15	0.666667	
83	16	12	
83	17	1	
83	18	0	
83	19	2127	
83	20	13508	
83	21	7	
83	22	13	
83	23	2	
83	24	4.25	
83	25	3.58333	
83	26	5	
83	27	1	
83	28	0.0833333	
84	1	0.0526316	
84	2	10.64	
84	3	5	
84	4	0.157895	
84	5	0.867925	
84	6	19	
84	7	-1	
84	8	93.7895	
84	9	0	
84	10	5	
84	11	2.78947	
84	12	27.92	
84	13	0.0526316	
84	14	10	
84	15	0.684211	
84	16	16	
84	17	1	
84	18	0	
84	19	1782	
84	20	11119	
84	21	4	
84	22	8	
84	23	2	
84	24	4.36842	
84	25	2.42105	
84	26	1	
84	27	5	
84	28	0.0526316	
85	1	0	
85	2	2.73	
85	3	5	
85	4	0	
85	5	0.666667	
85	6	1	
85	7	-1	
85	8	0	
85	9	4	
85	10	5	
85	11	6	
85	12	2.73	
85	13	0	
85	14	6	
85	15	1	
85	16	1	
85	17	5	
85	18	6	
85	19	0	
85	20	37747	
85	21	13	
85	22	4	
85	23	2	
85	24	5	
85	25	4	
85	26	5	
85	27	-1	
85	28	0	
86	1	0	
86	2	2.05	
86	3	4	
86	4	0.5	
86	5	0.833333	
86	6	2	
86	7	-1	
86	8	43	
86	9	5	
86	10	4	
86	11	6	
86	12	5	
86	13	0	
86	14	7	
86	15	0.5	
86	16	2	
86	17	5	
86	18	5	
86	19	86	
86	20	25315	
86	21	13	
86	22	5	
86	23	2	
86	24	4.5	
86	25	5	
86	26	5	
86	27	-1	
86	28	0	
87	1	0.095082	
87	2	5.07	
87	3	4	
87	4	0.229508	
87	5	0.596914	
87	6	305	
87	7	41	
87	8	6.71148	
87	9	0	
87	10	4	
87	11	5.31148	
87	12	25.21	
87	13	0.0754098	
87	14	146	
87	15	0.55082	
87	16	293	
87	17	3	
87	18	0	
87	19	2047	
87	20	10418	
87	21	24	
87	22	79	
87	23	2	
87	24	4.13115	
87	25	3.17049	
87	26	5	
87	27	4	
87	28	0.0491803	
88	1	0	
88	2	1.58	
88	3	2	
88	4	0	
88	5	0.933333	
88	6	2	
88	7	-1	
88	8	39	
88	9	7	
88	10	2	
88	11	7.5	
88	12	11.05	
88	13	0	
88	14	8	
88	15	0	
88	16	2	
88	17	2	
88	18	7	
88	19	78	
88	20	27354	
88	21	13	
88	22	7	
88	23	2	
88	24	2	
88	25	7	
88	26	2	
88	27	-1	
88	28	1	
89	1	0.5	
89	2	2.59	
89	3	3	
89	4	0	
89	5	0.92	
89	6	2	
89	7	-1	
89	8	45.5	
89	9	9	
89	10	3	
89	11	12.5	
89	12	11.11	
89	13	0	
89	14	14	
89	15	0.5	
89	16	2	
89	17	5	
89	18	11	
89	19	91	
89	20	24957	
89	21	13	
89	22	14	
89	23	2	
89	24	4	
89	25	11.5	
89	26	5	
89	27	-1	
89	28	0	
90	1	0.209302	
90	2	3.43	
90	3	5	
90	4	0.0697674	
90	5	0.619718	
90	6	43	
90	7	-1	
90	8	33.2791	
90	9	0	
90	10	5	
90	11	4.95349	
90	12	45.99	
90	13	0.348837	
90	14	17	
90	15	0.27907	
90	16	39	
90	17	5	
90	18	0	
90	19	1431	
90	20	19920	
90	21	13	
90	22	12	
90	23	2	
90	24	2.83721	
90	25	3.06977	
90	26	3	
90	27	-1	
90	28	0.0930233	
91	1	0.2	
91	2	0.37	
91	3	4	
91	4	0.4	
91	5	0.909091	
91	6	5	
91	7	-1	
91	8	175.4	
91	9	0	
91	10	4	
91	11	4.4	
91	12	3.47	
91	13	0.2	
91	14	16	
91	15	0.2	
91	16	5	
91	17	1	
91	18	0	
91	19	877	
91	20	29222	
91	21	13	
91	22	14	
91	23	2	
91	24	3.4	
91	25	4	
91	26	1	
91	27	-1	
91	28	0	
92	1	0.0254237	
92	2	7.88	
92	3	5	
92	4	0.0819209	
92	5	0.433645	
92	6	354	
92	7	22.46	
92	8	6.40113	
92	9	0	
92	10	5	
92	11	4.5339	
92	12	17.98	
92	13	0.0423729	
92	14	85	
92	15	0.827684	
92	16	306	
92	17	5	
92	18	0	
92	19	2266	
92	20	439	
92	21	28	
92	22	70	
92	23	2	
92	24	4.62994	
92	25	1.9661	
92	26	5	
92	27	5	
92	28	0.0225989	
93	1	0.116279	
93	2	3.99	
93	3	5	
93	4	0.24186	
93	5	0.608739	
93	6	215	
93	7	11.65	
93	8	8.6186	
93	9	0	
93	10	5	
93	11	4.68372	
93	12	8.93	
93	13	0.195349	
93	14	49	
93	15	0.362791	
93	16	203	
93	17	1	
93	18	0	
93	19	1853	
93	20	5752	
93	21	20	
93	22	40	
93	23	2	
93	24	3.49302	
93	25	2.85116	
93	26	1	
93	27	4	
93	28	0.0837209	
94	1	0.333333	
94	2	3.35	
94	3	5	
94	4	0.111111	
94	5	0.612903	
94	6	9	
94	7	12.49	
94	8	140.333	
94	9	0	
94	10	3	
94	11	3.44444	
94	12	4.85	
94	13	0.111111	
94	14	7	
94	15	0.333333	
94	16	8	
94	17	5	
94	18	0	
94	19	1263	
94	20	17106	
94	21	22	
94	22	6	
94	23	2	
94	24	3.44444	
94	25	2.11111	
94	26	1	
94	27	-1	
94	28	0.111111	
95	1	0.0229885	
95	2	10.99	
95	3	5	
95	4	0.045977	
95	5	0.655678	
95	6	87	
95	7	22.69	
95	8	27.2874	
95	9	0	
95	10	1	
95	11	3.13793	
95	12	19.97	
95	13	0.0229885	
95	14	28	
95	15	0.896552	
95	16	72	
95	17	5	
95	18	0	
95	19	2374	
95	20	754	
95	21	29	
95	22	27	
95	23	2	
95	24	4.78161	
95	25	2.05747	
95	26	5	
95	27	5	
95	28	0.0114943	
96	1	0.0526316	
96	2	6.12	
96	3	5	
96	4	0.368421	
96	5	0.514019	
96	6	38	
96	7	12.99	
96	8	51.2105	
96	9	0	
96	10	5	
96	11	2.81579	
96	12	7.15	
96	13	0	
96	14	15	
96	15	0.5	
96	16	35	
96	17	2	
96	18	0	
96	19	1946	
96	20	19114	
96	21	17	
96	22	7	
96	23	2	
96	24	4.28947	
96	25	1.44737	
96	26	4	
96	27	5	
96	28	0.0789474	
97	1	0.08	
97	2	0.01	
97	3	1	
97	4	0.2	
97	5	0.407407	
97	6	25	
97	7	8.49	
97	8	36.4	
97	9	0	
97	10	1	
97	11	4.32	
97	12	2.49	
97	13	0.36	
97	14	24	
97	15	0.24	
97	16	23	
97	17	1	
97	18	1	
97	19	910	
97	20	6146	
97	21	12	
97	22	9	
97	23	2	
97	24	2.84	
97	25	1.76	
97	26	1	
97	27	-1	
97	28	0.12	
98	1	0.142857	
98	2	0.42	
98	3	5	
98	4	0.428571	
98	5	0.611111	
98	6	7	
98	7	4.71	
98	8	52.5714	
98	9	1	
98	10	5	
98	11	2.57143	
98	12	1.99	
98	13	0.285714	
98	14	6	
98	15	0.142857	
98	16	6	
98	17	1	
98	18	1	
98	19	368	
98	20	21293	
98	21	15	
98	22	3	
98	23	2	
98	24	3.14286	
98	25	1.57143	
98	26	1	
98	27	-1	
98	28	0	
99	1	0.0142857	
99	2	29.66	
99	3	5	
99	4	0.1	
99	5	0.620214	
99	6	70	
99	7	69.95	
99	8	33.5	
99	9	0	
99	10	5	
99	11	9.32857	
99	12	55.98	
99	13	0.0285714	
99	14	151	
99	15	0.828571	
99	16	64	
99	17	1	
99	18	0	
99	19	2345	
99	20	334	
99	21	32	
99	22	93	
99	23	2	
99	24	4.67143	
99	25	5.78571	
99	26	5	
99	27	5	
99	28	0.0285714	
100	1	0.0564516	
100	2	7.77	
100	3	5	
100	4	0.189516	
100	5	0.535466	
100	6	248	
100	7	-1	
100	8	6.55645	
100	9	0	
100	10	5	
100	11	2.89919	
100	12	31.45	
100	13	0.0322581	
100	14	58	
100	15	0.697581	
100	16	234	
100	17	1	
100	18	0	
100	19	1626	
100	20	981	
100	21	20	
100	22	13	
100	23	2	
100	24	4.49597	
100	25	1.55242	
100	26	1	
100	27	-1	
100	28	0.0241935	
101	1	0.111111	
101	2	13.69	
101	3	3	
101	4	0.111111	
101	5	0.59084	
101	6	117	
101	7	62.95	
101	8	18.0342	
101	9	0	
101	10	3	
101	11	5.59829	
101	12	27.99	
101	13	0.0854701	
101	14	38	
101	15	0.666667	
101	16	104	
101	17	5	
101	18	0	
101	19	2110	
101	20	2248	
101	21	28	
101	22	33	
101	23	2	
101	24	4.24786	
101	25	3.30769	
101	26	5	
101	27	5	
101	28	0.025641	
102	1	0.0588235	
102	2	11.53	
102	3	5	
102	4	0.102941	
102	5	0.536178	
102	6	68	
102	7	59.95	
102	8	35.2206	
102	9	0	
102	10	5	
102	11	7.92647	
102	12	40	
102	13	0.0588235	
102	14	66	
102	15	0.75	
102	16	58	
102	17	2	
102	18	0	
102	19	2395	
102	20	904	
102	21	20	
102	22	57	
102	23	2	
102	24	4.45588	
102	25	4.25	
102	26	2	
102	27	4	
102	28	0.0294118	
103	1	0.0625	
103	2	29.57	
103	3	5	
103	4	0.075	
103	5	0.789385	
103	6	160	
103	7	-1	
103	8	14.425	
103	9	0	
103	10	5	
103	11	7.41875	
103	12	48.98	
103	13	0.01875	
103	14	409	
103	15	0.81875	
103	16	135	
103	17	5	
103	18	0	
103	19	2308	
103	20	49	
103	21	28	
103	22	395	
103	23	2	
103	24	4.65	
103	25	5.85625	
103	26	5	
103	27	5	
103	28	0.025	
104	1	0.0769231	
104	2	3.62	
104	3	5	
104	4	0.153846	
104	5	0.521739	
104	6	26	
104	7	14.99	
104	8	61.9615	
104	9	0	
104	10	5	
104	11	8.84615	
104	12	8.75	
104	13	0.0769231	
104	14	50	
104	15	0.615385	
104	16	24	
104	17	1	
104	18	0	
104	19	1611	
104	20	11907	
104	21	12	
104	22	31	
104	23	2	
104	24	4.15385	
104	25	4.61538	
104	26	5	
104	27	-1	
104	28	0.0769231	
105	1	0.181395	
105	2	17.96	
105	3	5	
105	4	0.148837	
105	5	0.56044	
105	6	215	
105	7	59.99	
105	8	11.2419	
105	9	0	
105	10	5	
105	11	2.11628	
105	12	52.98	
105	13	0.106977	
105	14	21	
105	15	0.502326	
105	16	116	
105	17	1	
105	18	0	
105	19	2417	
105	20	25531	
105	21	22	
105	22	17	
105	23	2	
105	24	3.87907	
105	25	1.18605	
105	26	5	
105	27	5	
105	28	0.0604651	
106	1	0.119266	
106	2	28.37	
106	3	5	
106	4	0.256881	
106	5	0.48704	
106	6	109	
106	7	-1	
106	8	20.7339	
106	9	0	
106	10	5	
106	11	6.72477	
106	12	75.98	
106	13	0.0275229	
106	14	76	
106	15	0.522936	
106	16	98	
106	17	5	
106	18	0	
106	19	2260	
106	20	2457	
106	21	25	
106	22	68	
106	23	2	
106	24	4.17431	
106	25	3.27523	
106	26	5	
106	27	5	
106	28	0.0733945	
107	1	0	
107	2	32	
107	3	4	
107	4	0.8	
107	5	0.516129	
107	6	5	
107	7	-1	
107	8	195.6	
107	9	0	
107	10	4	
107	11	6.2	
107	12	59.95	
107	13	0	
107	14	13	
107	15	0.2	
107	16	5	
107	17	4	
107	18	0	
107	19	978	
107	20	25542	
107	21	15	
107	22	9	
107	23	2	
107	24	4.2	
107	25	3.2	
107	26	4	
107	27	-1	
107	28	0	
108	1	0.142857	
108	2	4.69	
108	3	5	
108	4	0.428571	
108	5	0.675	
108	6	7	
108	7	64.89	
108	8	137.143	
108	9	0	
108	10	5	
108	11	5.71429	
108	12	58.97	
108	13	0.142857	
108	14	15	
108	15	0.142857	
108	16	7	
108	17	2	
108	18	0	
108	19	960	
108	20	24413	
108	21	8	
108	22	10	
108	23	2	
108	24	3.28571	
108	25	3.85714	
108	26	2	
108	27	-1	
108	28	0.142857	
109	1	0.149254	
109	2	16.65	
109	3	5	
109	4	0.186567	
109	5	0.412229	
109	6	134	
109	7	34.92	
109	8	17.5	
109	9	0	
109	10	5	
109	11	3.78358	
109	12	34.92	
109	13	0.149254	
109	14	34	
109	15	0.462687	
109	16	113	
109	17	1	
109	18	0	
109	19	2345	
109	20	14329	
109	21	32	
109	22	15	
109	23	2	
109	24	3.76119	
109	25	1.5597	
109	26	5	
109	27	5	
109	28	0.0522388	
110	1	0.1	
110	2	14.5	
110	3	4	
110	4	0.25	
110	5	0.615385	
110	6	20	
110	7	62.95	
110	8	90.2	
110	9	0	
110	10	5	
110	11	6.5	
110	12	38.77	
110	13	0.15	
110	14	43	
110	15	0.5	
110	16	20	
110	17	4	
110	18	0	
110	19	1804	
110	20	1167	
110	21	23	
110	22	39	
110	23	2	
110	24	3.95	
110	25	4	
110	26	4	
110	27	-1	
110	28	0	
111	1	0.102041	
111	2	4.99	
111	3	5	
111	4	0.163265	
111	5	0.478632	
111	6	49	
111	7	-1	
111	8	33.8163	
111	9	0	
111	10	5	
111	11	2.38776	
111	12	27.75	
111	13	0.183673	
111	14	15	
111	15	0.428571	
111	16	41	
111	17	1	
111	18	0	
111	19	1657	
111	20	7709	
111	21	22	
111	22	7	
111	23	2	
111	24	3.53061	
111	25	1.14286	
111	26	1	
111	27	4	
111	28	0.122449	
112	1	0.0454545	
112	2	9.6	
112	3	5	
112	4	0.109626	
112	5	0.498368	
112	6	374	
112	7	-1	
112	8	8.03209	
112	9	0	
112	10	5	
112	11	5.73529	
112	12	14.95	
112	13	0.0374332	
112	14	62	
112	15	0.78877	
112	16	318	
112	17	5	
112	18	0	
112	19	3004	
112	20	191	
112	21	18	
112	22	50	
112	23	2	
112	24	4.59358	
112	25	2.85829	
112	26	5	
112	27	5	
112	28	0.0187166	
113	1	0.0909091	
113	2	6.82	
113	3	4	
113	4	0.127273	
113	5	0.650146	
113	6	55	
113	7	28.99	
113	8	42.9273	
113	9	0	
113	10	4	
113	11	6.23636	
113	12	11.49	
113	13	0.0363636	
113	14	46	
113	15	0.690909	
113	16	55	
113	17	4	
113	18	0	
113	19	2361	
113	20	1025	
113	21	26	
113	22	39	
113	23	2	
113	24	4.38182	
113	25	4.05455	
113	26	4	
113	27	-1	
113	28	0.0545455	
114	1	0.095082	
114	2	3.29	
114	3	4	
114	4	0.229508	
114	5	0.596914	
114	6	305	
114	7	-1	
114	8	6.71148	
114	9	0	
114	10	4	
114	11	5.31148	
114	12	22.95	
114	13	0.0754098	
114	14	146	
114	15	0.55082	
114	16	293	
114	17	3	
114	18	0	
114	19	2047	
114	20	1203	
114	21	24	
114	22	79	
114	23	2	
114	24	4.13115	
114	25	3.17049	
114	26	5	
114	27	4	
114	28	0.0491803	
115	1	0.0238095	
115	2	6.62	
115	3	5	
115	4	0.0612245	
115	5	0.417564	
115	6	294	
115	7	15.71	
115	8	8.62245	
115	9	0	
115	10	5	
115	11	4.10544	
115	12	9.99	
115	13	0.0272109	
115	14	62	
115	15	0.870748	
115	16	260	
115	17	1	
115	18	0	
115	19	2535	
115	20	443	
115	21	23	
115	22	39	
115	23	2	
115	24	4.73129	
115	25	1.71429	
115	26	5	
115	27	5	
115	28	0.0170068	
116	1	0.0564516	
116	2	11.66	
116	3	5	
116	4	0.185484	
116	5	0.518056	
116	6	248	
116	7	59.99	
116	8	6.55645	
116	9	0	
116	10	5	
116	11	2.90323	
116	12	38.03	
116	13	0.0362903	
116	14	58	
116	15	0.697581	
116	16	232	
116	17	1	
116	18	0	
116	19	1626	
116	20	10036	
116	21	22	
116	22	13	
116	23	2	
116	24	4.48387	
116	25	1.50403	
116	26	1	
116	27	-1	
116	28	0.0241935	
117	1	0.0759494	
117	2	4.5	
117	3	1	
117	4	0.189873	
117	5	0.593496	
117	6	79	
117	7	-1	
117	8	29.4304	
117	9	0	
117	10	1	
117	11	4.67089	
117	12	20	
117	13	0.0632911	
117	14	19	
117	15	0.64557	
117	16	74	
117	17	4	
117	18	0	
117	19	2325	
117	20	394	
117	21	31	
117	22	16	
117	23	2	
117	24	4.32911	
117	25	2.77215	
117	26	4	
117	27	5	
117	28	0.0253165	
118	1	0.038961	
118	2	10.56	
118	3	5	
118	4	0.142857	
118	5	0.55316	
118	6	770	
118	7	-1	
118	8	1.85065	
118	9	0	
118	10	5	
118	11	3.55455	
118	12	18	
118	13	0.012987	
118	14	77	
118	15	0.788312	
118	16	710	
118	17	5	
118	18	0	
118	19	1425	
118	20	182	
118	21	28	
118	22	66	
118	23	2	
118	24	4.67662	
118	25	1.96623	
118	26	5	
118	27	5	
118	28	0.0168831	
119	1	0.101449	
119	2	5.92	
119	3	5	
119	4	0.217391	
119	5	0.639676	
119	6	69	
119	7	-1	
119	8	33.4783	
119	9	0	
119	10	5	
119	11	3.57971	
119	12	23.85	
119	13	0.0289855	
119	14	19	
119	15	0.637681	
119	16	67	
119	17	1	
119	18	0	
119	19	2310	
119	20	1574	
119	21	28	
119	22	11	
119	23	2	
119	24	4.42029	
119	25	2.28986	
119	26	4	
119	27	4	
119	28	0.0144928	
120	1	0.0127119	
120	2	7.87	
120	3	4	
120	4	0.0868644	
120	5	0.520139	
120	6	472	
120	7	37.97	
120	8	4.14195	
120	9	0	
120	10	5	
120	11	3.05085	
120	12	19.95	
120	13	0.0105932	
120	14	86	
120	15	0.883475	
120	16	435	
120	17	4	
120	18	0	
120	19	1955	
120	20	490	
120	21	31	
120	22	54	
120	23	2	
120	24	4.82627	
120	25	1.58686	
120	26	4	
120	27	5	
120	28	0.00635593	
121	1	0	
121	2	35	
121	3	1	
121	4	0	
121	5	0.762712	
121	6	7	
121	7	-1	
121	8	227.714	
121	9	1	
121	10	1	
121	11	8.42857	
121	12	99.99	
121	13	0.142857	
121	14	29	
121	15	0.857143	
121	16	7	
121	17	5	
121	18	3	
121	19	1594	
121	20	19850	
121	21	16	
121	22	24	
121	23	2	
121	24	4.42857	
121	25	6.42857	
121	26	5	
121	27	-1	
121	28	0	
122	1	0	
122	2	1.97	
122	3	1	
122	4	0.25	
122	5	0.789474	
122	6	4	
122	7	9.23	
122	8	273.75	
122	9	2	
122	10	1	
122	11	4.75	
122	12	3.75	
122	13	0.25	
122	14	5	
122	15	0.25	
122	16	4	
122	17	4	
122	18	4	
122	19	1095	
122	20	18642	
122	21	15	
122	22	5	
122	23	2	
122	24	3	
122	25	3.75	
122	26	4	
122	27	-1	
122	28	0.25	
123	1	0.0746269	
123	2	7.08	
123	3	3	
123	4	0.126866	
123	5	0.525714	
123	6	134	
123	7	11.99	
123	8	18.2687	
123	9	0	
123	10	3	
123	11	3.91791	
123	12	7.92	
123	13	0.0895522	
123	14	23	
123	15	0.671642	
123	16	120	
123	17	1	
123	18	0	
123	19	2448	
123	20	4104	
123	21	21	
123	22	21	
123	23	2	
123	24	4.25373	
123	25	2.0597	
123	26	5	
123	27	5	
123	28	0.0373134	
124	1	0.0714286	
124	2	1.98	
124	3	5	
124	4	0.121429	
124	5	0.542969	
124	6	140	
124	7	25.95	
124	8	17.0143	
124	9	0	
124	10	5	
124	11	5.48571	
124	12	14.97	
124	13	0.0428571	
124	14	72	
124	15	0.7	
124	16	127	
124	17	5	
124	18	0	
124	19	2382	
124	20	353	
124	21	19	
124	22	66	
124	23	2	
124	24	4.37143	
124	25	2.97857	
124	26	5	
124	27	5	
124	28	0.0642857	
