432	289	541	225	517	562	302	356	473	532	765	345	215	775	531	711	130	94	726	546	51	373	79	83	362	423	767	66	374	306	92	247	357	721	185	578	6	134	734	317	17	37	770	650	184	175	689	565	458	68	26	640	424	441	599	628	350	509	455	601	200	558	701	714	523	588	52	417	596	
240	169	72	193	95	59	358	1	645	3	
530	466	204	63	368	627	579	347	434	741	259	152	715	188	133	230	777	789	224	75	751	561	148	500	456	549	646	401	671	471	236	394	39	360	652	372	758	501	376	607	602	654	543	218	328	415	710	470	746	617	661	71	27	559	507	534	766	736	291	525	556	722	547	406	564	344	609	108	635	120	642	461	699	88	256	668	138	201	705	553	552	97	653	594	643	707	774	464	413	676	325	527	487	331	467	636	393	687	708	537	437	622	675	752	567	580	404	540	595	431	320	42	457	629	29	195	366	249	475	761	468	125	74	346	396	292	615	56	733	702	651	183	16	444	712	425	616	103	706	732	700	524	390	771	135	505	503	371	632	294	151	620	
142	
122	77	319	756	62	625	163	693	281	731	197	330	763	212	780	782	776	476	335	512	725	449	488	683	514	757	386	784	
213	91	117	196	576	744	682	603	159	545	126	309	136	779	569	253	738	191	630	
723	69	510	418	288	367	160	338	277	352	290	
276	591	403	113	102	748	678	611	233	150	405	551	30	511	462	273	14	351	310	491	186	171	724	78	382	634	305	692	735	398	662	199	631	608	764	759	430	422	220	506	604	198	127	106	41	287	73	713	85	526	387	720	667	99	489	495	554	57	740	448	773	70	619	123	20	226	156	339	544	269	180	515	499	23	442	542	610	135	574	750	681	479	
11	684	13	82	4	427	89	412	55	597	697	250	762	33	519	2	379	14	657	43	618	728	454	12	146	452	22	214	177	45	695	203	516	786	704	633	157	375	139	570	119	168	533	326	370	32	323	685	107	8	238	686	353	15	730	729	313	566	181	158	354	465	577	223	7	48	364	674	10	660	520	366	787	173	443	600	258	115	698	9	202	174	231	90	278	613	167	237	493	585	647	690	135	560	145	211	716	
496	257	709	408	626	285	486	571	606	536	727	87	555	143	535	477	154	216	131	573	
270	221	
244	666	337	54	664	638	25	669	680	234	778	189	58	673	314	737	363	
426	683	
436	753	760	312	663	366	40	621	
649	109	84	31	149	121	582	261	164	114	128	492	575	260	217	303	548	469	439	739	53	104	112	286	349	658	497	21	459	747	583	605	598	440	18	717	262	86	245	206	170	182	694	35	61	24	450	192	703	381	263	280	655	342	96	365	508	568	243	399	81	400	299	161	298	44	769	539	742	229	124	228	754	369	743	550	463	718	790	275	222	474	162	478	254	513	316	388	749	232	282	283	411	490	110	783	785	384	755	295	50	592	656	308	219	648	307	311	589	205	772	484	264	118	209	36	321	498	176	93	60	251	111	791	300	187	141	340	395	155	266	194	98	239	719	472	397	586	116	679	641	447	355	445	333	105	227	252	518	49	190	38	557	207	28	433	407	538	242	343	581	267	137	688	208	410	165	612	624	453	324	101	235	265	529	268	745	385	272	587	348	301	670	419	420	359	144	378	494	435	584	672	428	329	65	153	593	659	521	34	451	788	100	639	284	315	336	768	279	781	318	402	485	380	322	377	391	274	271	414	341	19	409	246	
483	5	481	241	438	665	677	421	691	
429	147	46	172	482	637	502	410	392	
